image: /robot/map/map.pgm
resolution: 0.050000
origin: [-3.403158, -9.833147, 0.000000]
negate: 0
occupied_thresh: 0.65
free_thresh: 0.196

