image: /robot/map/map.pgm
resolution: 0.050000
origin: [-6.330725, -4.604293, 0.000000]
negate: 0
occupied_thresh: 0.65
free_thresh: 0.196

