initial_pose_x: 7.71247
initial_pose_y: 7.38459
initial_pose_a: 2.76164
