initial_pose_x: 1.53524
initial_pose_y: 5.43177
initial_pose_a: 0.896654
