initial_pose_x: 2.23364
initial_pose_y: 3.91382
initial_pose_a: -2.24734
