initial_pose_x: 5.75231
initial_pose_y: 6.07031
initial_pose_a: 0.106707
