initial_pose_x: 2.10186
initial_pose_y: 4.63468
initial_pose_a: -1.18557
