initial_pose_x: 1.63365
initial_pose_y: 1.99153
initial_pose_a: -1.95167
