initial_pose_x: 10.0138
initial_pose_y: 6.72992
initial_pose_a: 0.0603526
